DLC = 0
DLO = 0
DTSMTB = [0.0, 0.0, 50.0, 50.0]
DVSDR = 1.0
DVSEND = 2.0
DVSI = 0
DVSNLT = 2.0
DVSNT = 1.0
FLVTB = [0.0, 0.2587606797740589, 0.1, 0.33752249642766563, 0.2, 0.39799134400831726, 0.3, 0.4444158899278852, 0.4, 0.4800580182242235, 0.4429491668132632, 0.49181062869306, 0.5, 0.38545250200897574, 0.6, 0.17876876621198895, 0.6802941167754797, 0.0, 0.7, 0.0, 0.8, 0.0, 0.9, 0.0, 1.0, 0.0, 1.0186446374059763, 0.0, 1.0408603614619218, 0.0, 1.1, 0.0, 1.2, 0.0, 1.3, 0.0, 1.4, 0.0, 1.5, 0.0, 1.6, 0.0, 1.7, 0.0, 1.8, 0.0, 1.9, 0.0, 2.0, 0.0]
FNTRT = 0.15
FRNX = 0.65
FRTRL = 0.2
FRTTB = [0.0, 0.5672, 0.1, 0.435463933, 0.2, 0.334324466, 0.3, 0.256675329, 0.4, 0.197060734, 0.4429491668132632, 0.1774034591182297, 0.5, 0.151292035, 0.6, 0.116153428, 0.6802941167754797, 0.09449214286748255, 0.7, 0.089176003, 0.8, 0.068464268, 0.9, 0.052562975, 1.0, 0.040354866, 1.0186446374059763, 0.038607361374974676, 1.0408603614619218, 0.03652514976148376, 1.1, 0.030982173, 1.2, 0.023786352, 1.3, 0.01826181, 1.4, 0.01402038, 1.5, 0.010764051, 1.6, 0.008264027, 1.7, 0.00634465, 1.8, 0.004871062, 1.9, 0.003739725, 2.0, 0.002871148]
FSOTB = [0.0, 0.0, 0.1, 0.0, 0.2, 0.0, 0.3, 0.0, 0.4, 0.0, 0.4429491668132632, 0.0, 0.5, 0.0, 0.6, 0.0, 0.6802941167754797, 0.0, 0.7, 0.0, 0.8, 0.0, 0.9, 0.0, 1.0, 0.0, 1.0186446374059763, 0.0, 1.0408603614619218, 0.9634748502385162, 1.1, 0.969017827, 1.2, 0.976213648, 1.3, 0.98173819, 1.4, 0.98597962, 1.5, 0.989235949, 1.6, 0.991735973, 1.7, 0.99365535, 1.8, 0.995128938, 1.9, 0.996260275, 2.0, 0.997128852]
FSTTB = [0.0, 0.174039320225941, 0.1, 0.22701357057233432, 0.2, 0.26768418999168275, 0.3, 0.29890878107211477, 0.4, 0.3228812477757765, 0.4429491668132632, 0.33078591218871034, 0.5, 0.4632554629910243, 0.6, 0.7050778057880109, 0.6802941167754797, 0.9055078571325175, 0.7, 0.910823997, 0.8, 0.931535732, 0.9, 0.947437025, 1.0, 0.959645134, 1.0186446374059763, 0.9613926386250253, 1.0408603614619218, 0.0, 1.1, 0.0, 1.2, 0.0, 1.3, 0.0, 1.4, 0.0, 1.5, 0.0, 1.6, 0.0, 1.7, 0.0, 1.8, 0.0, 1.9, 0.0, 2.0, 0.0]
IDSL = 0
K = 0.6
LAICR = 4.0
LRNR = 0.5
LSNR = 0.5
LUE = 2.732676091994192
NFRLVI = 0.06632361239320932
NFRRTI = 0.03
NFRSTI = 0.03
NLAI = 1.0
NLUE = 0.2
NMAXSO = 0.0451
NMXLV = [0.0, 0.06632361239320932, 0.1, 0.06441369801761274, 0.2, 0.06250378364201616, 0.3, 0.06059386926641957, 0.4, 0.05868395489082299, 0.4429491668132632, 0.05786366257965751, 0.5, 0.0567740405152264, 0.6, 0.05486412613962983, 0.6802941167754797, 0.053330577260576634, 0.7, 0.05295421176403324, 0.8, 0.05104429738843666, 0.9, 0.04913438301284007, 1.0, 0.04722446863724349, 1.0186446374059763, 0.04686837202714889, 1.0408603614619218, 0.046444070719761525, 1.1, 0.045314554261646905, 1.2, 0.04340463988605033, 1.3, 0.041494725510453745, 1.4, 0.039584811134857165, 1.5, 0.037674896759260584, 1.6, 0.035764982383664, 1.7, 0.03385506800806742, 1.8, 0.03194515363247084, 1.9, 0.030035239256874256, 2.0, 0.02812532488127767]
NPART = 1.0
NSLA = 0.0
RDRNS = 0.03
RDRRT = 0.03
RDRSHM = 0.03
RDRT = [-10.0, 0.0, 10.0, 0.02, 15.0, 0.03, 30.0, 0.05, 50.0, 0.09]
RGRL = 0.009
RNFLV = 0.009300000000000001
RNFRT = 0.002104057279236277
RNFST = 0.002104057279236277
ROOTDI = 0.1
ROOTDM = 1.2
RRDMAX = 0.012
SLAC = 0.022
SLACF = [0.0, 1.0, 2.0, 1.0, 2.1, 1.0]
TBASE = 0.0
TBASEM = 0.0
TCNT = 10
TEFFMX = 0.0
TRANCO = 8.0
TSUM1 = 1133.3300000000002
TSUM2 = 886.0600000000003
TSUMAG = 1133.3300000000002
TSUMEM = 0.0
WLVGI = 2.4
WRTLI = 3.6
WSOI = 0.0
WSTI = 0.0
FRTRL = 0.2             # See paper Herman
RTMIN = 0.03            # See paper Herman, table 4 parameter from Wageningen
TNSOILI = 7.7         # See paper Herman, table 4 parameter from Wageningen
